R 400 400

NO ./north.xpm
SO ./west.xpm
WE ./south.xpm
EA ./east.xpm
S ./sprite.xpm
F 99, 34,93
C 10, 74,4


11111111111111111111111111111111111111111111111111111111111111111111111111111111111111111
1E000000000000000000000000000000000000000000000000000000000000000000000000000000000000001
10011000001110000001000001000000110000011100000010000010000001100000111000000100000100001
10201000000000000000000001000000010000000000001000000010000000100000000000000000000100001
10200000001110000000000001000000110000011100000000000010000001100000111000000000000100001
102111100001100000100000111000000000000001100000111011110000000000200011000001110111100001
10210100110000011101000000000000000001100000111011110000000000000011000001110111100001111111
102211100000011000000001011110000000000000011000001110111100000000000000110000011101111001
10221000000110000011121111000000000000001100000111011110000000000000011000001110111100001
10200000000000000110101001000000000000000000001101010010000000000000000000011010100100001
10200000011010101111101111000001000000110101011111011110000010000001101010111110111100001
10211011111110101111111111000001110111111101011111011110000011101111111010111110111100001
10200000000000000000000000000000000000000000000000000000000000000000000000000000000000001
10200000000110000000000000000000000000001100000000000000000000000000011000000000000000001
10211000001110000001000001000000110000011100000010000010000001100000111000000100000100001
10222200000000000000000001000000010000000000000000000010000000100000000000000000000100001
10222200001110000000000001000000110000011100000000000010000001100000111000000000000100001
10222200000110000011101111000000000000001100000111011110000000000000011000001110111100001
10222200000110000011101111000000000000001100000111011110000000000000011000001110111100001
10200000000110000011101111000000000000001100000111011110000000000000011000001110111100001
10200000000110000011101111000000000000001100000111011110000000000000011000001110111100001
10200000000000000110101001000000000000000000001101010010000000000000000000011010100100001
10200000011010101111101111000001000000110101011111011110000010000001101010111110111100001
10111011111110101111101111000001110111111101011111011110000011101111111010111110111100001
10200000000000000000000000000000000000000000000000000000000000000000000000000000000000001
10200000000000000000000000000000000000000000000000000000000000000000000000000000000000001
10200000000110000000000000000000000000001100000000000000000000000000011000000000000000001
10211000001110000001000001000000110000011100000010000010000001100000111000000100000100001
10201000000000000000000001000000010000000000000000000010000000100000000000000000000100001
10211000001110000000000001000000110000011100000000000010000001100000111000000000000100001
10200000000110000011101111000000000000001100000111011110000000000000211000001110111100001
10200000000110000011101111000000000000001100000111011110000000000000011000001110111100001
10200000000110000011101111000000000000001100000111011110000000000000011000001110111100001
10200000000110000011101111000000000000001100000111011110000000000000011000001110111100001
10200000000000000110101001000000000000000000001101010010000000000000000000011010100100001
10100000011010101111101111000001000000110101011111011110000010000001101010111110111100001
10111011111110101111101111000001110111111101011111011110000011101111111010111110111100001
10200000000000000000000000000000000000000000000000000000000000000000000000000000000000001
10200000000110000000000000000000000000001100000000000000000000000000011000000000000000001
10211000001110000001000001000000110000011100000010000010000001100000111000000100000100001
10001000000000000000000001000000010000000000000000000010000000100000000000000000000100001
10211000001110000000000001000000110000011100000000000010000001100000111000000000000100001
10000000000110000011101111000000000000001100000111011110000000000000011000001110111100001
10000000000110000011101111000000000000001100000111011110000000000000011000001110111100001
10000000000110000011101111000000000000001100000111011110000000000000011000001110111100001
10000000000110000011101111000000000000001100000111011110000000000000011000001110111100001
10000000000000000110101001000000000000000000001101010010000000000000000000011010100100001
10100000011010101111101111000001000000110101011111011110000010000001101010111110111100001
10111011111110101111101111000001110111111101011111011110000011101111111010111110111100001
10000000000000000000000000000000000000000000000000000000000000000000000000000000000000001
10011111111111111111111111111111111111111111111111111111111111111111111111111111111111111
10000000000110000000000000000000000000001100000000000000000000000000011000000000000000001
10011000001110000001000001000000110000011100000010000010000001100000111000000100000100001
10001000000000000000000001000000010000000000000000000010000000100000000000000000000100001
10011000001110000000000001000000110000011100000000000010000001100000111000000000000100001
10000000000110000011101111000000000000001100000111011110000000000000011000001110111100001
10000000000110000011101111000000000000001100000111011110000000000000011000001110111100001
10000000000110000011101111000000000000001100000111011110000000000000011000001110111100001
10000000000110000011101111000000000000001100000111011110000000000000011000001110111100001
10000000000000000110101001000000000000000000001101010010000000000000000000011010100100001
10100000011010101111101111000001000000110101011111011110000010000001101010111110111100001
10111011111110101111101111000001110111111101011111011110000011101111111010111110111100001
10000000000000000000000000000000000000000000000000000000000000000000000000000000000000001
10000000000110000000000000000000000000001100000000000000000000000000011000000000000000001
10011000001110000001000001000000110000011100000010000010000001100000111000000100000100001
10001000000000000000000001000000010000000000000000000010000000100000000000000000000100001
10011000001110000000000001000000110000011100000000000010000001100000111000000000000100001
10000000000110000011101111000000000000001100000111011110000000000000011000001110111100001
10000000000110000011101111000000000000001100000111011110000000000000011000001110111100001
10000000000110000011101111000000000000001100000111011110000000000000011000001110111100001
10000000000110000011101111000000000000001100000111011110000000000000011000001110111100001
10000000000110000011101111000000000000001100000111011110000000000000011000001110111100001
10000000000000000110101001000000000000000000001101010010000000000000000000011010100100001
10100000011010101111101111000001000000110101011111011110000010000001101010111110111100001
10111011111110101111101111000001110111111101011111011110000011101111111010111110111100001
10000000000000000000000000000000000000000000000000000000000000000000000000000000000000001
10001111111111111111111111111111111111111111111111111111111111111111111111111111111111111
10000000000110000000000000000000000000001100000000000000000000000000011000000000000000001
10011000001110000001000001000000110000011100000010000010000001100000111000000100000100001
10001000000000000000000001000000010000000000000000000010000000100000000000000000000100001
10011000001110000000000001000000110000011100000000000010000001100000111000000000000100001
10000000000110000011101111000000000000001100000111011110000000000000011000001110111100001
10000000000110000011101111000000000000001100000111011110000000000000011000001110111100001
10000000000110000011101111000000000000001100000111011110000000000000011000001110111100001
10000000000110000011101111000000000000001100000111011110000000000000011000001110111100001
10000000000000000110101001000000000000000000001101010010000000000000000000011010100100001
10100000011010101111101111000001000000110101011111011110000010000001101010111110111100001
10111011111110101111101111000001110111111101011111011110000011101111111010111110111100001
10000000000000000000000000000000000000000000000000000000000000000000000000000000000000001
10000000000110000000000000000000000000001100000000000000000000000000011000000000000000001
10011000001110000001000001000000110000011100000010000010000001100000111000000100000100001
10001000000000000000000001000000010000000000000000000010000000100000000000000000000100001
10011000001110000000000001000000110000011100000000000010000001100000111000000000000100001
10000000000110000011101111000000000000001100000111011110000000000000011000001110111100001
10000000000110000011101111000000000000001100000111011110000000000000011000001110111100001
10000000000110000011101111000000000000001100000111011110000000000000011000001110111100001
10000000000110000011101111000000000000001100000111011110000000000000011000001110111100001
10000000000110000011101111000000000000001100000111011110000000000000011000001110111100001
10000000000000000110101001000000000000000000001101010010000000000000000000011010100100001
10100000011010101111101111000001000000110101011111011110000010000001101010111110111100001
10111011111110101111101111000001110111111101011111011110000011101111111010111110111100001
10000000000000000000000000000000000000000000000000000000000000000000000000000000000000001
100000011111111111111111111111111111111111111111111111111111111111111111111111111111111111111
10000000000110000000000000000000000000001100000000000000000000000000011000000000000000001
10011000001110000001000001000000110000011100000010000010000001100000111000000100000100001
10001000000000000000000001000000010000000000000000000010000000100000000000000000000100001
10011000001110000000000001000000110000011100000000000010000001100000111000000000000100001
10000000000110000011101111000000000000001100000111011110000000000000011000001110111100001
10000000000110000011101111000000000000001100000111011110000000000000011000001110111100001
10000000000110000011101111000000000000001100000111011110000000000000011000001110111100001
10000000000110000011101111000000000000001100000111011110000000000000011000001110111100001
10000000000000000110101001000000000000000000001101010010000000000000000000011010100100001
10100000011010101111101111000001000000110101011111011110000010000001101010111110111100001
10111011111110101111101111000001110111111101011111011110000011101111111010111110111100001
10000000000000000000000000000000000000000000000000000000000000000000000000000000000000001
10000000000110000000000000000000000000001100000000000000000000000000011000000000000000001
10011000001110000001000001000000110000011100000010000010000001100000111000000100000100001
10001000000000000000000001000000010000000000000000000010000000100000000000000000000100001
10011000001110000000000001000000110000011100000000000010000001100000111000000000000100001
10000000000110000011101111000000000000001100000111011110000000000000011000001110111100001
10000000000110000011101111000000000000001100000111011110000000000000011000001110111100001
10000000000110000011101111000000000000001100000111011110000000000000011000001110111100001
10000000000110000011101111000000000000001100000111011110000000000000011000001110111100001
10000000000110000011101111000000000000001100000111011110000000000000011000001110111100001
10000000000000000110101001000000000000000000001101010010000000000000000000011010100100001
10100000011010101111101111000001000000110101011111011110000010000001101010111110111100001
10111011111110101111101111000001110111111101011111011110000011101111111010111110111100001
10000000000000000000000000000000000000000000000000000000000000000000000000000000000000001
10000000011111111111111111111111111111111111111111111111111111111111111111111111111111111111
10000000000110000000000000000000000000001100000000000000000000000000011000000000000000001
10011000001110000001000001000000110000011100000010000010000001100000111000000100000100001
10001000000000000000000001000000010000000000000000000010000000100000000000000000000100001
10011000001110000000000001000000110000011100000000000010000001100000111000000000000100001
10000000000110000011101111000000000000001100000111011110000000000000011000001110111100001
10000000000110000011101111000000000000001100000111011110000000000000011000001110111100001
10000000000110000011101111000000000000001100000111011110000000000000011000001110111100001
10000000000110000011101111000000000000001100000111011110000000000000011000001110111100001
10000000000000000110101001000000000000000000001101010010000000000000000000011010100100001
10100000011010101111101111000001000000110101011111011110000010000001101010111110111100001
10111011111110101111101111000001110111111101011111011110000011101111111010111110111100001
10000000000000000000000000000000000000000000000000000000000000000000000000000000000000001
10000000000110000000000000000000000000001100000000000000000000000000011000000000000000001
10011000001110000001000001000000110000011100000010000010000001100000111000000100000100001
10001000000000000000000001000000010000000000000000000010000000100000000000000000000100001
10011000001110000000000001000000110000011100000000000010000001100000111000000000000100001
10000000000110000011101111000000000000001100000111011110000000000000011000001110111100001
10000000000110000011101111000000000000001100000111011110000000000000011000001110111100001
10000000000110000011101111000000000000001100000111011110000000000000011000001110111100001
10000000000110000011101111000000000000001100000111011110000000000000011000001110111100001
10000000000110000011101111000000000000001100000111011110000000000000011000001110111100001
10000000000000000110101001000000000000000000001101010010000000000000000000011010100100001
10100000011010101111101111000001000000110101011111011110000010000001101010111110111100001
10111011111110101111101111000001110111111101011111011110000011101111111010111110111100001
10000000000000000000000000000000000000000000000000000000000000000000000000000000000000001
100000000011111111111111111111111111111111111111111111111111111111111111111111111111111111
10000000000110000000000000000000000000001100000000000000000000000000011000000000000000001
10011000001110000001000001000000110000011100000010000010000001100000111000000100000100001
10001000000000000000000001000000010000000000000000000010000000100000000000000000000100001
10011000001110000000000001000000110000011100000000000010000001100000111000000000000100001
10000000000110000011101111000000000000001100000111011110000000000000011000001110111100001
10000000000110000011101111000000000000001100000111011110000000000000011000001110111100001
10000000000110000011101111000000000000001100000111011110000000000000011000001110111100001
10000000000110000011101111000000000000001100000111011110000000000000011000001110111100001
10000000000000000110101001000000000000000000001101010010000000000000000000011010100100001
10100000011010101111101111000001000000110101011111011110000010000001101010111110111100001
10111011111110101111101111000001110111111101011111011110000011101111111010111110111100001
10000000000000000000000000000000000000000000000000000000000000000000000000000000000000001
10000000000110000000000000000000000000001100000000000000000000000000011000000000000000001
10011000001110000001000001000000110000011100000010000010000001100000111000000100000100001
10001000000000000000000001000000010000000000000000000010000000100000000000000000000100001
10011000001110000000000001000000110000011100000000000010000001100000111000000000000100001
10000000000110000011101111000000000000001100000111011110000000000000011000001110111100001
10000000000110000011101111000000000000001100000111011110000000000000011000001110111100001
10000000000110000011101111000000000000001100000111011110000000000000011000001110111100001
10000000000110000011101111000000000000001100000111011110000000000000011000001110111100001
10000000000110000011101111000000000000001100000111011110000000000000011000001110111100001
10000000000000000110101001000000000000000000001101010010000000000000000000011010100100001
10100000011010101111101111000001000000110101011111011110000010000001101010111110111100001
10111011111110101111101111000001110111111101011111011110000011101111111010111110111100001
10000000000000000000000000000000000000000000000000000000000000000000000000000000000000001
100000000001111111111111111111111111111111111111111111111111111111111111111111111111111111
10000000000110000000000000000000000000001100000000000000000000000000011000000000000000001
10011000001110000001000001000000110000011100000010000010000001100000111000000100000100001
10001000000000000000000001000000010000000000000000000010000000100000000000000000000100001
10011000001110000000000001000000110000011100000000000010000001100000111000000000000100001
10000000000110000011101111000000000000001100000111011110000000000000011000001110111100001
10000000000110000011101111000000000000001100000111011110000000000000011000001110111100001
10000000000110000011101111000000000000001100000111011110000000000000011000001110111100001
10000000000110000011101111000000000000001100000111011110000000000000011000001110111100001
10000000000000000110101001000000000000000000001101010010000000000000000000011010100100001
10100000011010101111101111000001000000110101011111011110000010000001101010111110111100001
10111011111110101111101111000001110111111101011111011110000011101111111010111110111100001
10000000000000000000000000000000000000000000000000000000000000000000000000000000000000001
10000000000110000000000000000000000000001100000000000000000000000000011000000000000000001
10011000001110000001000001000000110000011100000010000010000001100000111000000100000100001
10001000000000000000000001000000010000000000000000000010000000100000000000000000000100001
10011000001110000000000001000000110000011100000000000010000001100000111000000000000100001
10000000000110000011101111000000000000001100000111011110000000000000011000001110111100001
10000000000110000011101111000000000000001100000111011110000000000000011000001110111100001
10000000000110000011101111000000000000001100000111011110000000000000011000001110111100001
10000000000110000011101111000000000000001100000111011110000000000000011000001110111100001
10000000000110000011101111000000000000001100000111011110000000000000011000001110111100001
10000000000000000110101001000000000000000000001101010010000000000000000000011010100100001
10100000011010101111101111000001000000110101011111011110000010000001101010111110111100001
10111011111110101111101111000001110111111101011111011110000011101111111010111110111100001
10000000000000000000000000000000000000000000000000000000000000000000000000000000000000001
100000000000111111111111111111111111111111111111111111111111111111111111111111111111111111
10000000000110000000000000000000000000001100000000000000000000000000011000000000000000001
10011000001110000001000001000000110000011100000010000010000001100000111000000100000100001
10001000000000000000000001000000010000000000000000000010000000100000000000000000000100001
10011000001110000000000001000000110000011100000000000010000001100000111000000000000100001
10000000000110000011101111000000000000001100000111011110000000000000011000001110111100001
10000000000110000011101111000000000000001100000111011110000000000000011000001110111100001
10000000000110000011101111000000000000001100000111011110000000000000011000001110111100001
10000000000110000011101111000000000000001100000111011110000000000000011000001110111100001
10000000000000000110101001000000000000000000001101010010000000000000000000011010100100001
10100000011010101111101111000001000000110101011111011110000010000001101010111110111100001
10111011111110101111101111000001110111111101011111011110000011101111111010111110111100001
10000000000000000000000000000000000000000000000000000000000000000000000000000000000000001
10000000000110000000000000000000000000001100000000000000000000000000011000000000000000001
10011000001110000001000001000000110000011100000010000010000001100000111000000100000100001
10001000000000000000000001000000010000000000000000000010000000100000000000000000000100001
10011000001110000000000001000000110000011100000000000010000001100000111000000000000100001
10000000000110000011101111000000000000001100000111011110000000000000011000001110111100001
10000000000110000011101111000000000000001100000111011110000000000000011000001110111100001
10000000000110000011101111000000000000001100000111011110000000000000011000001110111100001
10000000000110000011101111000000000000001100000111011110000000000000011000001110111100001
10000000000000000110101001000000000000000000001101010010000000000000000000011010100100001
10100000011010101111101111000001000000110101011111011110000010000001101010111110111100001
10111011111110101111101111000001110111111101011111011110000011101111111010111110111100001
10000000000000000000000000000000000000000000000000000000000000000000000000000000000000001
11111111111111111111111111111111111111111111111111111111111111111111111111111111111111111
